0.000000 0.000000 0.000000
0.100000 0.000000 0.010810
0.200000 0.000000 0.041887
0.300000 0.000000 0.091884
0.400000 0.000000 0.163622
0.500000 0.000000 0.255417
0.600000 0.000000 0.366005
0.700000 0.000000 0.493647
0.800000 0.000000 0.640000
0.900000 0.000000 0.796366
1.000000 0.000000 0.975996
1.100000 0.000000 1.178240
1.200000 0.000000 1.406349
1.300000 0.000000 1.656860
1.400000 0.000000 1.931700
1.500000 0.000000 2.223557
0.000000 0.100000 -0.008631
0.100000 0.100000 -0.000295
0.200000 0.100000 0.031348
0.300000 0.100000 0.080712
0.400000 0.100000 0.151533
0.500000 0.100000 0.242400
0.600000 0.100000 0.353689
0.700000 0.100000 0.485582
0.800000 0.100000 0.614433
0.900000 0.100000 0.789414
1.000000 0.100000 0.977603
1.100000 0.100000 1.179642
1.200000 0.100000 1.403370
1.300000 0.100000 1.647060
1.400000 0.100000 1.918107
1.500000 0.100000 2.210073
0.000000 0.200000 -0.036000
0.100000 0.200000 -0.029214
0.200000 0.200000 0.001585
0.300000 0.200000 0.050692
0.400000 0.200000 0.121006
0.500000 0.200000 0.211409
0.600000 0.200000 0.322652
0.700000 0.200000 0.456235
0.800000 0.200000 0.577688
0.900000 0.200000 0.760346
1.000000 0.200000 0.955917
1.100000 0.200000 1.161288
1.200000 0.200000 1.383993
1.300000 0.200000 1.623435
1.400000 0.200000 1.889413
1.500000 0.200000 2.178864
0.000000 0.300000 -0.084391
0.100000 0.300000 -0.077204
0.200000 0.300000 -0.047356
0.300000 0.300000 0.001421
0.400000 0.300000 0.071037
0.500000 0.300000 0.160837
0.600000 0.300000 0.271271
0.700000 0.300000 0.404609
0.800000 0.300000 0.519901
0.900000 0.300000 0.701971
1.000000 0.300000 0.901678
1.100000 0.300000 1.112669
1.200000 0.300000 1.339431
1.300000 0.300000 1.580572
1.400000 0.300000 1.845197
1.500000 0.300000 2.133588
0.000000 0.400000 -0.154554
0.100000 0.400000 -0.145362
0.200000 0.400000 -0.115705
0.300000 0.400000 -0.066793
0.400000 0.400000 0.002346
0.500000 0.400000 0.091679
0.600000 0.400000 0.201025
0.700000 0.400000 0.332996
0.800000 0.400000 0.446863
0.900000 0.400000 0.626770
1.000000 0.400000 0.826707
1.100000 0.400000 1.040637
1.200000 0.400000 1.270600
1.300000 0.400000 1.514104
1.400000 0.400000 1.778038
1.500000 0.400000 2.065660
0.000000 0.500000 -0.246152
0.100000 0.500000 -0.234932
0.200000 0.500000 -0.204976
0.300000 0.500000 -0.155429
0.400000 0.500000 -0.086337
0.500000 0.500000 0.002861
0.600000 0.500000 0.111217
0.700000 0.500000 0.241384
0.800000 0.500000 0.357353
0.900000 0.500000 0.533621
1.000000 0.500000 0.731823
1.100000 0.500000 0.947236
1.200000 0.500000 1.180210
1.300000 0.500000 1.427191
1.400000 0.500000 1.692081
1.500000 0.500000 1.980255
0.000000 0.600000 -0.356817
0.100000 0.600000 -0.345001
0.200000 0.600000 -0.314842
0.300000 0.600000 -0.264256
0.400000 0.600000 -0.194435
0.500000 0.600000 -0.104547
0.600000 0.600000 0.003603
0.700000 0.600000 0.132411
0.800000 0.600000 0.251230
0.900000 0.600000 0.421837
1.000000 0.600000 0.616535
1.100000 0.600000 0.831902
1.200000 0.600000 1.067180
1.300000 0.600000 1.317944
1.400000 0.600000 1.585089
1.500000 0.600000 1.875134
0.000000 0.700000 -0.485042
0.100000 0.700000 -0.476568
0.200000 0.700000 -0.447731
0.300000 0.700000 -0.396451
0.400000 0.700000 -0.325255
0.500000 0.700000 -0.233623
0.600000 0.700000 -0.124354
0.700000 0.700000 0.004350
0.800000 0.700000 0.128391
0.900000 0.700000 0.290486
1.000000 0.700000 0.479764
1.100000 0.700000 0.693547
1.200000 0.700000 0.930312
1.300000 0.700000 1.184823
1.400000 0.700000 1.455386
1.500000 0.700000 1.748593
0.000000 0.800000 -0.640000
0.100000 0.800000 -0.610535
0.200000 0.800000 -0.565657
0.300000 0.800000 -0.504644
0.400000 0.800000 -0.427981
0.500000 0.800000 -0.337914
0.600000 0.800000 -0.231591
0.700000 0.800000 -0.109655
0.800000 0.800000 0.000000
0.900000 0.800000 0.172412
1.000000 0.800000 0.364113
1.100000 0.800000 0.575322
1.200000 0.800000 0.808500
1.300000 0.800000 1.061878
1.400000 0.800000 1.333818
1.500000 0.800000 1.622581
0.000000 0.900000 -0.792468
0.100000 0.900000 -0.794068
0.200000 0.900000 -0.759178
0.300000 0.900000 -0.697917
0.400000 0.900000 -0.616026
0.500000 0.900000 -0.519213
0.600000 0.900000 -0.403653
0.700000 0.900000 -0.270695
0.800000 0.900000 -0.168338
0.900000 0.900000 -0.000551
1.000000 0.900000 0.190433
1.100000 0.900000 0.400859
1.200000 0.900000 0.633492
1.300000 0.900000 0.886463
1.400000 0.900000 1.159571
1.500000 0.900000 1.452746
0.000000 1.000000 -0.963965
0.100000 1.000000 -0.976435
0.200000 1.000000 -0.953126
0.300000 1.000000 -0.899030
0.400000 1.000000 -0.819108
0.500000 1.000000 -0.720937
0.600000 1.000000 -0.601412
0.700000 1.000000 -0.462016
0.800000 1.000000 -0.353106
0.900000 1.000000 -0.186443
1.000000 1.000000 0.002964
1.100000 1.000000 0.211970
1.200000 1.000000 0.443146
1.300000 1.000000 0.694845
1.400000 1.000000 0.967501
1.500000 1.000000 1.261880
0.000000 1.100000 -1.162984
0.100000 1.100000 -1.175588
0.200000 1.100000 -1.158640
0.300000 1.100000 -1.111957
0.400000 1.100000 -1.036621
0.500000 1.100000 -0.940102
0.600000 1.100000 -0.820163
0.700000 1.100000 -0.678175
0.800000 1.100000 -0.561311
0.900000 1.100000 -0.394299
1.000000 1.100000 -0.205734
1.100000 1.100000 0.002656
1.200000 1.100000 0.233066
1.300000 1.100000 0.484129
1.400000 1.100000 0.756346
1.500000 1.100000 1.050436
0.000000 1.200000 -1.387467
0.100000 1.200000 -1.392625
0.200000 1.200000 -1.376394
0.300000 1.200000 -1.335415
0.400000 1.200000 -1.266118
0.500000 1.200000 -1.174421
0.600000 1.200000 -1.058202
0.700000 1.200000 -0.918072
0.800000 1.200000 -0.791544
0.900000 1.200000 -0.621953
1.000000 1.200000 -0.433234
1.100000 1.200000 -0.225130
1.200000 1.200000 0.004387
1.300000 1.200000 0.254490
1.400000 1.200000 0.525655
1.500000 1.200000 0.818095
0.000000 1.300000 -1.637421
0.100000 1.300000 -1.632652
0.200000 1.300000 -1.612550
0.300000 1.300000 -1.573438
0.400000 1.300000 -1.508315
0.500000 1.300000 -1.421454
0.600000 1.300000 -1.310485
0.700000 1.300000 -1.174870
0.800000 1.300000 -1.044553
0.900000 1.300000 -0.872498
1.000000 1.300000 -0.682818
1.100000 1.300000 -0.474018
1.200000 1.300000 -0.244500
1.300000 1.300000 0.005349
1.400000 1.300000 0.275848
1.500000 1.300000 0.566393
0.000000 1.400000 -1.912061
0.100000 1.400000 -1.899924
0.200000 1.400000 -1.874291
0.300000 1.400000 -1.833458
0.400000 1.400000 -1.769060
0.500000 1.400000 -1.684622
0.600000 1.400000 -1.577761
0.700000 1.400000 -1.446937
0.800000 1.400000 -1.316639
0.900000 1.400000 -1.143324
1.000000 1.400000 -0.952897
1.100000 1.400000 -0.743228
1.200000 1.400000 -0.513333
1.300000 1.400000 -0.263376
1.400000 1.400000 0.006737
1.500000 1.400000 0.295526
0.000000 1.500000 -2.204821
0.100000 1.500000 -2.190283
0.200000 1.500000 -2.161116
0.300000 1.500000 -2.118216
0.400000 1.500000 -2.053420
0.500000 1.500000 -1.970302
0.600000 1.500000 -1.866685
0.700000 1.500000 -1.740347
0.800000 1.500000 -1.606490
0.900000 1.500000 -1.435892
1.000000 1.500000 -1.245978
1.100000 1.500000 -1.035181
1.200000 1.500000 -0.803621
1.300000 1.500000 -0.551880
1.400000 1.500000 -0.280459
1.500000 1.500000 0.008133
