0.000000 0.000000 0.000000
0.100000 0.000000 0.100406
0.200000 0.000000 0.200999
0.300000 0.000000 0.301441
0.400000 0.000000 0.401797
0.500000 0.000000 0.502232
0.600000 0.000000 0.602934
0.700000 0.000000 0.703022
0.800000 0.000000 0.800000
0.900000 0.000000 0.900201
1.000000 0.000000 1.001305
1.100000 0.000000 1.101652
1.200000 0.000000 1.202111
1.300000 0.000000 1.301859
1.400000 0.000000 1.401311
1.500000 0.000000 1.501066
0.000000 0.100000 -0.099908
0.100000 0.100000 -0.000866
0.200000 0.100000 0.099420
0.300000 0.100000 0.199961
0.400000 0.100000 0.300725
0.500000 0.100000 0.401685
0.600000 0.100000 0.503003
0.700000 0.100000 0.603321
0.800000 0.100000 0.700705
0.900000 0.100000 0.799655
1.000000 0.100000 0.900614
1.100000 0.100000 1.000786
1.200000 0.100000 1.101358
1.300000 0.100000 1.201092
1.400000 0.100000 1.300568
1.500000 0.100000 1.400492
0.000000 0.200000 -0.198987
0.100000 0.200000 -0.100108
0.200000 0.200000 -0.000277
0.300000 0.200000 0.099721
0.400000 0.200000 0.200107
0.500000 0.200000 0.300692
0.600000 0.200000 0.401793
0.700000 0.200000 0.502138
0.800000 0.200000 0.601299
0.900000 0.200000 0.699874
1.000000 0.200000 0.800406
1.100000 0.200000 0.900509
1.200000 0.200000 1.001066
1.300000 0.200000 1.101033
1.400000 0.200000 1.200751
1.500000 0.200000 1.300774
0.000000 0.300000 -0.298906
0.100000 0.300000 -0.200145
0.200000 0.300000 -0.100432
0.300000 0.300000 -0.000645
0.400000 0.300000 0.099688
0.500000 0.300000 0.200069
0.600000 0.300000 0.300974
0.700000 0.300000 0.401509
0.800000 0.300000 0.501648
0.900000 0.300000 0.600235
1.000000 0.300000 0.700202
1.100000 0.300000 0.800105
1.200000 0.300000 0.900306
1.300000 0.300000 1.000351
1.400000 0.300000 1.100235
1.500000 0.300000 1.200176
0.000000 0.400000 -0.398543
0.100000 0.400000 -0.299445
0.200000 0.400000 -0.199732
0.300000 0.400000 -0.100305
0.400000 0.400000 -0.000332
0.500000 0.400000 0.099395
0.600000 0.400000 0.199598
0.700000 0.400000 0.300016
0.800000 0.400000 0.402089
0.900000 0.400000 0.501112
1.000000 0.400000 0.600700
1.100000 0.400000 0.700533
1.200000 0.400000 0.800355
1.300000 0.400000 0.900492
1.400000 0.400000 1.000583
1.500000 0.400000 1.100393
0.000000 0.500000 -0.498842
0.100000 0.500000 -0.399513
0.200000 0.500000 -0.299498
0.300000 0.500000 -0.199960
0.400000 0.500000 -0.099847
0.500000 0.500000 -0.000345
0.600000 0.500000 0.099426
0.700000 0.500000 0.199853
0.800000 0.500000 0.301880
0.900000 0.500000 0.401190
1.000000 0.500000 0.500505
1.100000 0.500000 0.600457
1.200000 0.500000 0.700086
1.300000 0.500000 0.800484
1.400000 0.500000 0.900948
1.500000 0.500000 1.000734
0.000000 0.600000 -0.599411
0.100000 0.600000 -0.499845
0.200000 0.600000 -0.399496
0.300000 0.600000 -0.299730
0.400000 0.600000 -0.199339
0.500000 0.600000 -0.099888
0.600000 0.600000 -0.000411
0.700000 0.600000 0.100047
0.800000 0.600000 0.201761
0.900000 0.600000 0.301501
1.000000 0.600000 0.400614
1.100000 0.600000 0.500605
1.200000 0.600000 0.599957
1.300000 0.600000 0.700443
1.400000 0.600000 0.801135
1.500000 0.600000 0.900855
0.000000 0.700000 -0.699571
0.100000 0.700000 -0.599633
0.200000 0.700000 -0.499068
0.300000 0.700000 -0.399299
0.400000 0.700000 -0.298960
0.500000 0.700000 -0.199824
0.600000 0.700000 -0.100854
0.700000 0.700000 -0.000630
0.800000 0.700000 0.102153
0.900000 0.700000 0.202432
1.000000 0.700000 0.301446
1.100000 0.700000 0.401297
1.200000 0.700000 0.500168
1.300000 0.700000 0.600359
1.400000 0.700000 0.700900
1.500000 0.700000 0.800357
0.000000 0.800000 -0.800000
0.100000 0.800000 -0.699804
0.200000 0.800000 -0.598367
0.300000 0.800000 -0.497866
0.400000 0.800000 -0.397667
0.500000 0.800000 -0.297599
0.600000 0.800000 -0.197489
0.700000 0.800000 -0.097855
0.800000 0.800000 0.000000
0.900000 0.800000 0.100743
1.000000 0.800000 0.202194
1.100000 0.800000 0.303005
1.200000 0.800000 0.403455
1.300000 0.800000 0.503369
1.400000 0.800000 0.603782
1.500000 0.800000 0.703345
0.000000 0.900000 -0.899542
0.100000 0.900000 -0.800692
0.200000 0.900000 -0.699251
0.300000 0.900000 -0.598810
0.400000 0.900000 -0.498473
0.500000 0.900000 -0.398102
0.600000 0.900000 -0.297613
0.700000 0.900000 -0.197861
0.800000 0.900000 -0.100253
0.900000 0.900000 -0.000851
1.000000 0.900000 0.100503
1.100000 0.900000 0.201417
1.200000 0.900000 0.302186
1.300000 0.900000 0.402463
1.400000 0.900000 0.503527
1.500000 0.900000 0.603259
0.000000 1.000000 -0.999004
0.100000 1.000000 -0.900500
0.200000 1.000000 -0.799536
0.300000 1.000000 -0.699139
0.400000 1.000000 -0.598736
0.500000 1.000000 -0.498154
0.600000 1.000000 -0.397396
0.700000 1.000000 -0.297361
0.800000 1.000000 -0.200217
0.900000 1.000000 -0.101180
1.000000 1.000000 -0.000272
1.100000 1.000000 0.100529
1.200000 1.000000 0.201347
1.300000 1.000000 0.301890
1.400000 1.000000 0.403196
1.500000 1.000000 0.503295
0.000000 1.100000 -1.098694
0.100000 1.100000 -1.000144
0.200000 1.100000 -0.899869
0.300000 1.100000 -0.799644
0.400000 1.100000 -0.699381
0.500000 1.100000 -0.598827
0.600000 1.100000 -0.498058
0.700000 1.100000 -0.397801
0.800000 1.100000 -0.300513
0.900000 1.100000 -0.201598
1.000000 1.100000 -0.101228
1.100000 1.100000 -0.000634
1.200000 1.100000 0.100075
1.300000 1.100000 0.200814
1.400000 1.100000 0.302086
1.500000 1.100000 0.402578
0.000000 1.200000 -1.198320
0.100000 1.200000 -1.099309
0.200000 1.200000 -0.999577
0.300000 1.200000 -0.899392
0.400000 1.200000 -0.799191
0.500000 1.200000 -0.698641
0.600000 1.200000 -0.597904
0.700000 1.200000 -0.497424
0.800000 1.200000 -0.400257
0.900000 1.200000 -0.300928
1.000000 1.200000 -0.200978
1.100000 1.200000 -0.100682
1.200000 1.200000 -0.000327
1.300000 1.200000 0.100349
1.400000 1.200000 0.201215
1.500000 1.200000 0.301898
0.000000 1.300000 -1.297820
0.100000 1.300000 -1.198227
0.200000 1.300000 -1.099031
0.300000 1.300000 -0.999046
0.400000 1.300000 -0.899177
0.500000 1.300000 -0.798966
0.600000 1.300000 -0.698606
0.700000 1.300000 -0.598172
0.800000 1.300000 -0.500037
0.900000 1.300000 -0.400328
1.000000 1.300000 -0.300716
1.100000 1.300000 -0.200707
1.200000 1.300000 -0.100793
1.300000 1.300000 -0.000339
1.400000 1.300000 0.099895
1.500000 1.300000 0.200549
0.000000 1.400000 -1.397040
0.100000 1.400000 -1.296791
0.200000 1.400000 -1.197956
0.300000 1.400000 -1.098179
0.400000 1.400000 -0.998725
0.500000 1.400000 -0.899015
0.600000 1.400000 -0.799235
0.700000 1.400000 -0.699087
0.800000 1.400000 -0.600321
0.900000 1.400000 -0.500423
1.000000 1.400000 -0.400939
1.100000 1.400000 -0.300864
1.200000 1.400000 -0.200960
1.300000 1.400000 -0.100348
1.400000 1.400000 -0.000404
1.500000 1.400000 0.100340
0.000000 1.500000 -1.496768
0.100000 1.500000 -1.396218
0.200000 1.500000 -1.297439
0.300000 1.500000 -1.197493
0.400000 1.500000 -1.097959
0.500000 1.500000 -0.998265
0.600000 1.500000 -0.898660
0.700000 1.500000 -0.798620
0.800000 1.500000 -0.699953
0.900000 1.500000 -0.599635
1.000000 1.500000 -0.500278
1.100000 1.500000 -0.400406
1.200000 1.500000 -0.300861
1.300000 1.500000 -0.200521
1.400000 1.500000 -0.101133
1.500000 1.500000 -0.000619
