0.000000 0.000000 0.000000
0.100000 0.000000 0.010000
0.200000 0.000000 0.040000
0.300000 0.000000 0.090000
0.400000 0.000000 0.160000
0.500000 0.000000 0.250000
0.600000 0.000000 0.360000
0.700000 0.000000 0.490000
0.800000 0.000000 0.640000
0.900000 0.000000 0.810000
1.000000 0.000000 1.000000
1.100000 0.000000 1.210000
1.200000 0.000000 1.440000
1.300000 0.000000 1.690000
1.400000 0.000000 1.960000
1.500000 0.000000 2.250000
0.000000 0.100000 -0.010000
0.100000 0.100000 0.000000
0.200000 0.100000 0.030000
0.300000 0.100000 0.080000
0.400000 0.100000 0.150000
0.500000 0.100000 0.240000
0.600000 0.100000 0.350000
0.700000 0.100000 0.480000
0.800000 0.100000 0.630000
0.900000 0.100000 0.800000
1.000000 0.100000 0.990000
1.100000 0.100000 1.200000
1.200000 0.100000 1.430000
1.300000 0.100000 1.680000
1.400000 0.100000 1.950000
1.500000 0.100000 2.240000
0.000000 0.200000 -0.040000
0.100000 0.200000 -0.030000
0.200000 0.200000 0.000000
0.300000 0.200000 0.050000
0.400000 0.200000 0.120000
0.500000 0.200000 0.210000
0.600000 0.200000 0.320000
0.700000 0.200000 0.450000
0.800000 0.200000 0.600000
0.900000 0.200000 0.770000
1.000000 0.200000 0.960000
1.100000 0.200000 1.170000
1.200000 0.200000 1.400000
1.300000 0.200000 1.650000
1.400000 0.200000 1.920000
1.500000 0.200000 2.210000
0.000000 0.300000 -0.090000
0.100000 0.300000 -0.080000
0.200000 0.300000 -0.050000
0.300000 0.300000 0.000000
0.400000 0.300000 0.070000
0.500000 0.300000 0.160000
0.600000 0.300000 0.270000
0.700000 0.300000 0.400000
0.800000 0.300000 0.550000
0.900000 0.300000 0.720000
1.000000 0.300000 0.910000
1.100000 0.300000 1.120000
1.200000 0.300000 1.350000
1.300000 0.300000 1.600000
1.400000 0.300000 1.870000
1.500000 0.300000 2.160000
0.000000 0.400000 -0.160000
0.100000 0.400000 -0.150000
0.200000 0.400000 -0.120000
0.300000 0.400000 -0.070000
0.400000 0.400000 0.000000
0.500000 0.400000 0.090000
0.600000 0.400000 0.200000
0.700000 0.400000 0.330000
0.800000 0.400000 0.480000
0.900000 0.400000 0.650000
1.000000 0.400000 0.840000
1.100000 0.400000 1.050000
1.200000 0.400000 1.280000
1.300000 0.400000 1.530000
1.400000 0.400000 1.800000
1.500000 0.400000 2.090000
0.000000 0.500000 -0.250000
0.100000 0.500000 -0.240000
0.200000 0.500000 -0.210000
0.300000 0.500000 -0.160000
0.400000 0.500000 -0.090000
0.500000 0.500000 0.000000
0.600000 0.500000 0.110000
0.700000 0.500000 0.240000
0.800000 0.500000 0.390000
0.900000 0.500000 0.560000
1.000000 0.500000 0.750000
1.100000 0.500000 0.960000
1.200000 0.500000 1.190000
1.300000 0.500000 1.440000
1.400000 0.500000 1.710000
1.500000 0.500000 2.000000
0.000000 0.600000 -0.360000
0.100000 0.600000 -0.350000
0.200000 0.600000 -0.320000
0.300000 0.600000 -0.270000
0.400000 0.600000 -0.200000
0.500000 0.600000 -0.110000
0.600000 0.600000 0.000000
0.700000 0.600000 0.130000
0.800000 0.600000 0.280000
0.900000 0.600000 0.450000
1.000000 0.600000 0.640000
1.100000 0.600000 0.850000
1.200000 0.600000 1.080000
1.300000 0.600000 1.330000
1.400000 0.600000 1.600000
1.500000 0.600000 1.890000
0.000000 0.700000 -0.490000
0.100000 0.700000 -0.480000
0.200000 0.700000 -0.450000
0.300000 0.700000 -0.400000
0.400000 0.700000 -0.330000
0.500000 0.700000 -0.240000
0.600000 0.700000 -0.130000
0.700000 0.700000 0.000000
0.800000 0.700000 0.150000
0.900000 0.700000 0.320000
1.000000 0.700000 0.510000
1.100000 0.700000 0.720000
1.200000 0.700000 0.950000
1.300000 0.700000 1.200000
1.400000 0.700000 1.470000
1.500000 0.700000 1.760000
0.000000 0.800000 -0.640000
0.100000 0.800000 -0.630000
0.200000 0.800000 -0.600000
0.300000 0.800000 -0.550000
0.400000 0.800000 -0.480000
0.500000 0.800000 -0.390000
0.600000 0.800000 -0.280000
0.700000 0.800000 -0.150000
0.800000 0.800000 0.000000
0.900000 0.800000 0.170000
1.000000 0.800000 0.360000
1.100000 0.800000 0.570000
1.200000 0.800000 0.800000
1.300000 0.800000 1.050000
1.400000 0.800000 1.320000
1.500000 0.800000 1.610000
0.000000 0.900000 -0.810000
0.100000 0.900000 -0.800000
0.200000 0.900000 -0.770000
0.300000 0.900000 -0.720000
0.400000 0.900000 -0.650000
0.500000 0.900000 -0.560000
0.600000 0.900000 -0.450000
0.700000 0.900000 -0.320000
0.800000 0.900000 -0.170000
0.900000 0.900000 0.000000
1.000000 0.900000 0.190000
1.100000 0.900000 0.400000
1.200000 0.900000 0.630000
1.300000 0.900000 0.880000
1.400000 0.900000 1.150000
1.500000 0.900000 1.440000
0.000000 1.000000 -1.000000
0.100000 1.000000 -0.990000
0.200000 1.000000 -0.960000
0.300000 1.000000 -0.910000
0.400000 1.000000 -0.840000
0.500000 1.000000 -0.750000
0.600000 1.000000 -0.640000
0.700000 1.000000 -0.510000
0.800000 1.000000 -0.360000
0.900000 1.000000 -0.190000
1.000000 1.000000 0.000000
1.100000 1.000000 0.210000
1.200000 1.000000 0.440000
1.300000 1.000000 0.690000
1.400000 1.000000 0.960000
1.500000 1.000000 1.250000
0.000000 1.100000 -1.210000
0.100000 1.100000 -1.200000
0.200000 1.100000 -1.170000
0.300000 1.100000 -1.120000
0.400000 1.100000 -1.050000
0.500000 1.100000 -0.960000
0.600000 1.100000 -0.850000
0.700000 1.100000 -0.720000
0.800000 1.100000 -0.570000
0.900000 1.100000 -0.400000
1.000000 1.100000 -0.210000
1.100000 1.100000 0.000000
1.200000 1.100000 0.230000
1.300000 1.100000 0.480000
1.400000 1.100000 0.750000
1.500000 1.100000 1.040000
0.000000 1.200000 -1.440000
0.100000 1.200000 -1.430000
0.200000 1.200000 -1.400000
0.300000 1.200000 -1.350000
0.400000 1.200000 -1.280000
0.500000 1.200000 -1.190000
0.600000 1.200000 -1.080000
0.700000 1.200000 -0.950000
0.800000 1.200000 -0.800000
0.900000 1.200000 -0.630000
1.000000 1.200000 -0.440000
1.100000 1.200000 -0.230000
1.200000 1.200000 0.000000
1.300000 1.200000 0.250000
1.400000 1.200000 0.520000
1.500000 1.200000 0.810000
0.000000 1.300000 -1.690000
0.100000 1.300000 -1.680000
0.200000 1.300000 -1.650000
0.300000 1.300000 -1.600000
0.400000 1.300000 -1.530000
0.500000 1.300000 -1.440000
0.600000 1.300000 -1.330000
0.700000 1.300000 -1.200000
0.800000 1.300000 -1.050000
0.900000 1.300000 -0.880000
1.000000 1.300000 -0.690000
1.100000 1.300000 -0.480000
1.200000 1.300000 -0.250000
1.300000 1.300000 0.000000
1.400000 1.300000 0.270000
1.500000 1.300000 0.560000
0.000000 1.400000 -1.960000
0.100000 1.400000 -1.950000
0.200000 1.400000 -1.920000
0.300000 1.400000 -1.870000
0.400000 1.400000 -1.800000
0.500000 1.400000 -1.710000
0.600000 1.400000 -1.600000
0.700000 1.400000 -1.470000
0.800000 1.400000 -1.320000
0.900000 1.400000 -1.150000
1.000000 1.400000 -0.960000
1.100000 1.400000 -0.750000
1.200000 1.400000 -0.520000
1.300000 1.400000 -0.270000
1.400000 1.400000 0.000000
1.500000 1.400000 0.290000
0.000000 1.500000 -2.250000
0.100000 1.500000 -2.240000
0.200000 1.500000 -2.210000
0.300000 1.500000 -2.160000
0.400000 1.500000 -2.090000
0.500000 1.500000 -2.000000
0.600000 1.500000 -1.890000
0.700000 1.500000 -1.760000
0.800000 1.500000 -1.610000
0.900000 1.500000 -1.440000
1.000000 1.500000 -1.250000
1.100000 1.500000 -1.040000
1.200000 1.500000 -0.810000
1.300000 1.500000 -0.560000
1.400000 1.500000 -0.290000
1.500000 1.500000 0.000000
