0.000000 0.000000 0.000000
0.100000 0.000000 0.110972
0.200000 0.000000 0.242485
0.300000 0.000000 0.391211
0.400000 0.000000 0.560414
0.500000 0.000000 0.749516
0.600000 0.000000 0.956444
0.700000 0.000000 1.176712
0.800000 0.000000 1.440000
0.900000 0.000000 1.697355
1.000000 0.000000 1.978122
1.100000 0.000000 2.272696
1.200000 0.000000 2.591296
1.300000 0.000000 2.931910
1.400000 0.000000 3.296297
1.500000 0.000000 3.676208
0.000000 0.100000 -0.109475
0.100000 0.100000 -0.004950
0.200000 0.100000 0.127305
0.300000 0.100000 0.277101
0.400000 0.100000 0.448369
0.500000 0.100000 0.640048
0.600000 0.100000 0.850812
0.700000 0.100000 1.076439
0.800000 0.100000 1.311671
0.900000 0.100000 1.587465
1.000000 0.100000 1.879833
1.100000 0.100000 2.174726
1.200000 0.100000 2.491843
1.300000 0.100000 2.829871
1.400000 0.100000 3.194863
1.500000 0.100000 3.577378
0.000000 0.200000 -0.232714
0.100000 0.200000 -0.130446
0.200000 0.200000 -0.000169
0.300000 0.200000 0.148184
0.400000 0.200000 0.318420
0.500000 0.200000 0.508963
0.600000 0.200000 0.719742
0.700000 0.200000 0.947733
0.800000 0.200000 1.175759
0.900000 0.200000 1.457099
1.000000 0.200000 1.758068
1.100000 0.200000 2.057093
1.200000 0.200000 2.374707
1.300000 0.200000 2.710495
1.400000 0.200000 3.073472
1.500000 0.200000 3.455531
0.000000 0.300000 -0.379826
0.100000 0.300000 -0.279231
0.200000 0.300000 -0.150278
0.300000 0.300000 -0.001858
0.400000 0.300000 0.169111
0.500000 0.300000 0.359701
0.600000 0.300000 0.570867
0.700000 0.300000 0.800948
0.800000 0.300000 1.019234
0.900000 0.300000 1.294511
1.000000 0.300000 1.599221
1.100000 0.300000 1.904930
1.200000 0.300000 2.228498
1.300000 0.300000 2.567758
1.400000 0.300000 2.932334
1.500000 0.300000 3.315302
0.000000 0.400000 -0.545901
0.100000 0.400000 -0.444124
0.200000 0.400000 -0.316231
0.300000 0.400000 -0.168738
0.400000 0.400000 0.001282
0.500000 0.400000 0.189688
0.600000 0.400000 0.398808
0.700000 0.400000 0.628856
0.800000 0.400000 0.850960
0.900000 0.400000 1.117778
1.000000 0.400000 1.420688
1.100000 0.400000 1.729052
1.200000 0.400000 2.056491
1.300000 0.400000 2.398410
1.400000 0.400000 2.763941
1.500000 0.400000 3.147064
0.000000 0.500000 -0.733158
0.100000 0.500000 -0.630346
0.200000 0.500000 -0.502621
0.300000 0.500000 -0.355087
0.400000 0.500000 -0.185238
0.500000 0.500000 0.001377
0.600000 0.500000 0.208277
0.700000 0.500000 0.437555
0.800000 0.500000 0.665755
0.900000 0.500000 0.921435
1.000000 0.500000 1.220511
1.100000 0.500000 1.531247
1.200000 0.500000 1.864401
1.300000 0.500000 2.212335
1.400000 0.500000 2.582385
1.500000 0.500000 2.968269
0.000000 0.600000 -0.938798
0.100000 0.600000 -0.836250
0.200000 0.600000 -0.708926
0.300000 0.600000 -0.561206
0.400000 0.600000 -0.391225
0.500000 0.600000 -0.205992
0.600000 0.600000 -0.001191
0.700000 0.600000 0.226891
0.800000 0.600000 0.471269
0.900000 0.600000 0.717246
1.000000 0.600000 1.010300
1.100000 0.600000 1.319820
1.200000 0.600000 1.655412
1.300000 0.600000 2.007315
1.400000 0.600000 2.381128
1.500000 0.600000 2.769915
0.000000 0.700000 -1.161486
0.100000 0.700000 -1.062833
0.200000 0.700000 -0.937369
0.300000 0.700000 -0.789780
0.400000 0.700000 -0.619183
0.500000 0.700000 -0.434126
0.600000 0.700000 -0.230235
0.700000 0.700000 -0.002867
0.800000 0.700000 0.264590
0.900000 0.700000 0.499618
1.000000 0.700000 0.784084
1.100000 0.700000 1.088367
1.200000 0.700000 1.421945
1.300000 0.700000 1.774022
1.400000 0.700000 2.149039
1.500000 0.700000 2.539408
0.000000 0.800000 -1.440000
0.100000 0.800000 -1.308700
0.200000 0.800000 -1.165255
0.300000 0.800000 -1.005884
0.400000 0.800000 -0.835196
0.500000 0.800000 -0.649650
0.600000 0.800000 -0.450347
0.700000 0.800000 -0.234586
0.800000 0.800000 0.000000
0.900000 0.800000 0.273678
1.000000 0.800000 0.565804
1.100000 0.800000 0.875384
1.200000 0.800000 1.203054
1.300000 0.800000 1.552780
1.400000 0.800000 1.919573
1.500000 0.800000 2.300935
0.000000 0.900000 -1.692772
0.100000 0.900000 -1.592475
0.200000 0.900000 -1.457811
0.300000 0.900000 -1.296150
0.400000 0.900000 -1.118493
0.500000 0.900000 -0.922647
0.600000 0.900000 -0.711719
0.700000 0.900000 -0.482529
0.800000 0.900000 -0.270221
0.900000 0.900000 -0.000870
1.000000 0.900000 0.292330
1.100000 0.900000 0.602812
1.200000 0.900000 0.932047
1.300000 0.900000 1.285151
1.400000 0.900000 1.655876
1.500000 0.900000 2.043094
0.000000 1.000000 -1.966572
0.100000 1.000000 -1.881068
0.200000 1.000000 -1.756994
0.300000 1.000000 -1.601853
0.400000 1.000000 -1.423665
0.500000 1.000000 -1.223537
0.600000 1.000000 -1.005403
0.700000 1.000000 -0.767026
0.800000 1.000000 -0.554346
0.900000 1.000000 -0.287559
1.000000 1.000000 0.004159
1.100000 1.000000 0.312386
1.200000 1.000000 0.641220
1.300000 1.000000 0.993722
1.400000 1.000000 1.364809
1.500000 1.000000 1.754452
0.000000 1.100000 -2.262758
0.100000 1.100000 -2.181179
0.200000 1.100000 -2.062800
0.300000 1.100000 -1.916861
0.400000 1.100000 -1.742608
0.500000 1.100000 -1.543790
0.600000 1.100000 -1.323683
0.700000 1.100000 -1.081204
0.800000 1.100000 -0.860748
0.900000 1.100000 -0.596975
1.000000 1.100000 -0.306909
1.100000 1.100000 -0.001156
1.200000 1.100000 0.328377
1.300000 1.100000 0.680238
1.400000 1.100000 1.051048
1.500000 1.100000 1.441715
0.000000 1.200000 -2.581924
0.100000 1.200000 -2.497928
0.200000 1.200000 -2.379493
0.300000 1.200000 -2.241479
0.400000 1.200000 -2.072724
0.500000 1.200000 -1.878913
0.600000 1.200000 -1.661379
0.700000 1.200000 -1.419734
0.800000 1.200000 -1.185130
0.900000 1.200000 -0.921990
1.000000 1.200000 -0.633010
1.100000 1.200000 -0.330375
1.200000 1.200000 -0.000574
1.300000 1.200000 0.349583
1.400000 1.200000 0.718661
1.500000 1.200000 1.108604
0.000000 1.300000 -2.921018
0.100000 1.300000 -2.831115
0.200000 1.300000 -2.708135
0.300000 1.300000 -2.574907
0.400000 1.300000 -2.410893
0.500000 1.300000 -2.223438
0.600000 1.300000 -2.011344
0.700000 1.300000 -1.774314
0.800000 1.300000 -1.530440
0.900000 1.300000 -1.268605
1.000000 1.300000 -0.980095
1.100000 1.300000 -0.679609
1.200000 1.300000 -0.348431
1.300000 1.300000 0.001040
1.400000 1.300000 0.368900
1.500000 1.300000 0.757890
0.000000 1.400000 -3.281588
0.100000 1.400000 -3.188245
0.200000 1.400000 -3.060076
0.300000 1.400000 -2.929016
0.400000 1.400000 -2.768150
0.500000 1.400000 -2.586581
0.600000 1.400000 -2.380897
0.700000 1.400000 -2.150511
0.800000 1.400000 -1.891759
0.900000 1.400000 -1.631725
1.000000 1.400000 -1.344525
1.100000 1.400000 -1.046996
1.200000 1.400000 -0.715867
1.300000 1.400000 -0.368118
1.400000 1.400000 -0.002468
1.500000 1.400000 0.384562
0.000000 1.500000 -3.659855
0.100000 1.500000 -3.567568
0.200000 1.500000 -3.436685
0.300000 1.500000 -3.306634
0.400000 1.500000 -3.147680
0.500000 1.500000 -2.970625
0.600000 1.500000 -2.770807
0.700000 1.500000 -2.547287
0.800000 1.500000 -2.271395
0.900000 1.500000 -2.016979
1.000000 1.500000 -1.731994
1.100000 1.500000 -1.435957
1.200000 1.500000 -1.103296
1.300000 1.500000 -0.754618
1.400000 1.500000 -0.388664
1.500000 1.500000 -0.001938
